osu file format v14

[General]
AudioFilename: audio.mp3
AudioLeadIn: 0
PreviewTime: 15044
Countdown: 0
SampleSet: None
StackLeniency: 0
Mode: 0
LetterboxInBreaks: 0
WidescreenStoryboard: 0

[Editor]
Bookmarks: 21653,37753,56286,71112
DistanceSpacing: 1.3
BeatDivisor: 4
GridSize: 8
TimelineZoom: 4.199998

[Metadata]
Title:Play
TitleUnicode:Play
Artist:DJ Army
ArtistUnicode:DJ Army
Creator:Potatoritos
Version:thug drift 2009 (enable video&hitsounds&storyboard + lower bgdim)
Source:
Tags:
BeatmapID:3151411
BeatmapSetID:1541687

[Difficulty]
HPDrainRate:4
CircleSize:6
OverallDifficulty:8.8
ApproachRate:9
SliderMultiplier:3.59999990463257
SliderTickRate:1

[Events]
//Background and Video events
Video,0,"gta_san_andreas_drift.mp4"
0,0,"cool_car.jpg",0,0
//Break Periods
2,3628,7037
2,8146,11207
2,89816,103288
//Storyboard Layer 0 (Background)
//Storyboard Layer 1 (Fail)
//Storyboard Layer 2 (Pass)
//Storyboard Layer 3 (Foreground)
//Storyboard Layer 4 (Overlay)
//Storyboard Sound Samples

[TimingPoints]
688,463.320463320463,4,1,0,100,1,0
2425,-400,4,1,1,100,0,0
7637,-100,4,1,3,100,0,0
11807,-100,4,1,2,100,0,0
15050,-100,4,1,1,100,0,0
17367,-100,4,1,0,100,0,0
22927,-100,4,1,1,100,0,0
24780,-100,4,1,0,100,0,0
30340,-100,4,1,1,100,0,0
32193,-100,4,1,0,100,0,0
56286,-100,4,1,1,100,0,0
56518,-100,4,1,0,100,0,0
69259,-200,4,1,2,100,0,0
71112,-200,4,1,2,100,0,1
72965,-200,4,1,0,100,0,1
74819,-200,4,1,2,100,0,1
76672,-200,4,1,0,100,0,1
78525,-200,4,1,1,100,0,1
80379,-200,4,1,0,100,0,1
82232,-200,4,1,2,100,0,1
85938,-200,4,1,0,100,0,0
89066,-25,4,1,0,100,0,0
94182,375,4,1,0,100,1,0
103886,-25,4,1,0,100,0,0


[HitObjects]
138,343,2502,6,0,P|235:339|328:343,1,179.999995231629
256,81,7637,5,0,0:0:0:0:
256,81,7792,1,0,0:0:0:0:
256,81,7946,1,0,0:0:0:0:
114,64,11807,6,0,B|115:30|91:11|91:11|162:14|225:-13|225:-13|139:78|146:207|144:273|144:273|182:86|317:40|376:49|376:49|479:76|471:219|367:267|226:220|249:36|375:50|375:50|456:68|462:150|421:232|367:204|310:181|256:192|256:192|297:266|297:266|382:245|473:284|473:284|361:270|323:323|270:351|109:369|109:369|175:331|243:345,1,2429.99993562699,2|0,0:0|0:0,0:0:0:0:
164,297,15050,5,8,0:0:0:0:
164,293,15166,1,8,0:0:0:0:
164,289,15282,1,8,0:0:0:0:
164,285,15398,1,8,0:0:0:0:
144,221,15514,5,4,0:0:0:0:
155,225,15745,1,0,0:0:0:0:
180,162,15861,1,0,0:0:0:0:
178,148,16093,1,0,0:0:0:0:
236,107,16209,1,0,0:0:0:0:
252,112,16440,5,0,0:0:0:0:
273,31,16556,1,0,0:0:0:0:
271,48,16788,1,0,0:0:0:0:
355,28,16903,1,0,0:0:0:0:
331,85,17019,1,0,0:0:0:0:
366,32,17135,1,0,0:0:0:0:
423,89,17251,1,0,0:0:0:0:
398,153,17367,5,4,0:0:0:0:
334,234,17598,1,0,0:0:0:0:
332,217,17714,1,0,0:0:0:0:
401,292,17946,1,0,0:0:0:0:
412,239,18062,1,0,0:0:0:0:
242,302,18293,5,0,0:0:0:0:
233,233,18409,1,0,0:0:0:0:
223,238,18641,1,0,0:0:0:0:
297,207,18757,1,0,0:0:0:0:
293,221,18873,1,0,0:0:0:0:
356,258,18988,1,0,0:0:0:0:
358,280,19104,1,0,0:0:0:0:
445,232,19220,5,4,0:0:0:0:
456,237,19452,1,0,0:0:0:0:
389,196,19568,1,0,0:0:0:0:
402,185,19799,1,0,0:0:0:0:
332,225,19915,1,0,0:0:0:0:
258,162,20147,5,0,0:0:0:0:
209,188,20263,1,0,0:0:0:0:
203,176,20494,1,0,0:0:0:0:
262,153,20610,1,0,0:0:0:0:
272,167,20726,1,0,0:0:0:0:
243,230,20842,1,0,0:0:0:0:
245,254,20958,1,0,0:0:0:0:
307,262,21073,5,4,0:0:0:0:
311,330,21305,1,0,0:0:0:0:
304,317,21421,1,0,0:0:0:0:
215,282,21652,1,0,0:0:0:0:
212,253,21768,1,0,0:0:0:0:
301,193,22000,5,0,0:0:0:0:
300,136,22116,1,0,0:0:0:0:
240,195,22347,1,0,0:0:0:0:
183,157,22462,1,12,0:0:0:0:
128,194,22578,1,8,0:0:0:0:
140,258,22694,1,8,0:0:0:0:
150,268,22810,1,8,0:0:0:0:
105,314,22927,5,4,0:0:0:0:
103,325,23158,1,0,0:0:0:0:
45,293,23274,1,0,0:0:0:0:
34,297,23506,1,0,0:0:0:0:
55,225,23622,1,0,0:0:0:0:
56,210,23853,5,0,0:0:0:0:
110,155,23969,1,0,0:0:0:0:
106,167,24201,1,0,0:0:0:0:
149,97,24317,1,0,0:0:0:0:
141,79,24432,1,0,0:0:0:0:
71,48,24548,1,0,0:0:0:0:
64,58,24664,1,0,0:0:0:0:
66,120,24780,5,4,0:0:0:0:
26,193,25012,1,0,0:0:0:0:
24,178,25128,1,0,0:0:0:0:
121,271,25359,1,0,0:0:0:0:
118,241,25475,1,0,0:0:0:0:
40,384,25707,5,0,0:0:0:0:
34,317,25822,1,0,0:0:0:0:
29,324,26054,1,0,0:0:0:0:
19,261,26170,1,0,0:0:0:0:
86,252,26286,1,0,0:0:0:0:
84,269,26402,1,0,0:0:0:0:
152,244,26517,1,0,0:0:0:0:
159,183,26633,5,4,0:0:0:0:
154,175,26865,1,0,0:0:0:0:
225,192,26981,1,0,0:0:0:0:
235,182,27212,1,0,0:0:0:0:
290,219,27328,1,0,0:0:0:0:
287,232,27560,5,0,0:0:0:0:
387,204,27676,1,0,0:0:0:0:
380,212,27907,1,0,0:0:0:0:
322,255,28023,1,0,0:0:0:0:
333,324,28139,1,0,0:0:0:0:
336,345,28255,1,0,0:0:0:0:
339,364,28371,1,0,0:0:0:0:
271,384,28486,5,4,0:0:0:0:
211,300,28718,1,0,0:0:0:0:
210,309,28834,1,0,0:0:0:0:
269,252,29066,1,0,0:0:0:0:
269,237,29181,1,0,0:0:0:0:
208,151,29413,5,0,0:0:0:0:
149,139,29529,1,0,0:0:0:0:
142,130,29761,1,0,0:0:0:0:
200,141,29876,1,12,0:0:0:0:
246,198,29992,1,8,0:0:0:0:
306,199,30108,1,8,0:0:0:0:
315,205,30224,1,8,0:0:0:0:
375,237,30340,5,4,0:0:0:0:
376,248,30571,1,0,0:0:0:0:
412,193,30687,1,0,0:0:0:0:
419,185,30919,1,0,0:0:0:0:
388,134,31035,1,0,0:0:0:0:
383,118,31266,5,0,0:0:0:0:
309,125,31381,1,0,0:0:0:0:
317,131,31614,1,0,0:0:0:0:
233,108,31730,1,0,0:0:0:0:
189,152,31846,1,0,0:0:0:0:
246,115,31962,1,0,0:0:0:0:
263,50,32077,1,0,0:0:0:0:
316,26,32193,5,4,0:0:0:0:
403,50,32425,1,0,0:0:0:0:
417,48,32541,1,0,0:0:0:0:
435,125,32772,1,0,0:0:0:0:
460,129,32888,1,0,0:0:0:0:
422,227,33120,5,0,0:0:0:0:
482,258,33236,1,0,0:0:0:0:
494,250,33467,1,0,0:0:0:0:
426,217,33583,1,0,0:0:0:0:
371,255,33699,1,0,0:0:0:0:
382,269,33815,1,0,0:0:0:0:
380,329,33931,1,0,0:0:0:0:
447,366,34047,5,4,0:0:0:0:
447,376,34278,1,0,0:0:0:0:
479,315,34394,1,0,0:0:0:0:
473,302,34626,1,0,0:0:0:0:
462,237,34742,1,0,0:0:0:0:
442,158,34973,5,0,0:0:0:0:
386,169,35089,1,0,0:0:0:0:
386,181,35321,1,0,0:0:0:0:
322,190,35437,1,0,0:0:0:0:
320,212,35552,1,0,0:0:0:0:
254,183,35668,1,0,0:0:0:0:
256,124,35784,1,0,0:0:0:0:
183,101,35900,5,4,0:0:0:0:
107,128,36132,1,0,0:0:0:0:
110,142,36247,1,0,0:0:0:0:
70,224,36479,1,0,0:0:0:0:
99,233,36595,1,0,0:0:0:0:
133,330,36826,5,0,0:0:0:0:
164,269,36942,1,0,0:0:0:0:
153,274,37174,1,0,0:0:0:0:
71,326,37290,1,12,0:0:0:0:
64,340,37406,1,8,0:0:0:0:
0,292,37521,1,8,0:0:0:0:
2,272,37637,1,8,0:0:0:0:
36,211,37753,5,0,0:0:0:0:
36,211,37985,1,0,0:0:0:0:
36,211,38216,1,0,0:0:0:0:
36,211,38448,1,0,0:0:0:0:
37,181,38680,5,8,0:0:0:0:
84,154,38796,1,8,0:0:0:0:
123,189,38911,1,8,0:0:0:0:
103,239,39027,1,8,0:0:0:0:
110,255,39143,5,8,0:0:0:0:
166,241,39259,1,8,0:0:0:0:
197,191,39375,1,8,0:0:0:0:
187,133,39491,1,8,0:0:0:0:
136,75,39606,5,2,0:0:0:0:
186,11,39838,1,0,0:0:0:0:
180,0,39954,1,0,0:0:0:0:
303,43,40186,1,0,0:0:0:0:
248,57,40301,1,0,0:0:0:0:
400,129,40533,5,8,0:0:0:0:
338,117,40649,1,0,0:0:0:0:
333,123,40881,5,0,0:0:0:0:
395,135,40997,1,8,0:0:0:0:
390,140,41228,5,0,0:0:0:0:
328,128,41344,1,0,0:0:0:0:
287,194,41460,1,2,0:0:0:0:
146,206,41691,5,0,0:0:0:0:
156,196,41807,1,0,0:0:0:0:
196,282,42039,1,0,0:0:0:0:
188,337,42155,1,0,0:0:0:0:
268,215,42386,5,8,0:0:0:0:
236,142,42502,1,0,0:0:0:0:
240,151,42734,5,0,0:0:0:0:
272,224,42850,1,8,0:0:0:0:
268,215,43081,5,0,0:0:0:0:
236,142,43197,1,0,0:0:0:0:
238,64,43313,1,10,0:0:0:0:
357,118,43545,5,0,0:0:0:0:
354,97,43660,1,0,0:0:0:0:
458,112,43892,1,0,0:0:0:0:
467,45,44008,1,0,0:0:0:0:
367,297,44240,5,8,0:0:0:0:
432,278,44355,1,0,0:0:0:0:
440,286,44587,5,0,0:0:0:0:
365,307,44703,1,8,0:0:0:0:
363,315,44935,5,0,0:0:0:0:
449,295,45051,1,0,0:0:0:0:
471,206,45166,1,2,0:0:0:0:
478,219,45398,5,0,0:0:0:0:
419,210,45514,1,0,0:0:0:0:
377,172,45630,5,0,0:0:0:0:
328,207,45745,1,0,0:0:0:0:
327,214,45861,1,0,0:0:0:0:
326,219,45977,1,0,0:0:0:0:
341,274,46093,5,8,0:0:0:0:
287,257,46209,1,0,0:0:0:0:
231,277,46325,1,0,0:0:0:0:
226,289,46440,1,0,0:0:0:0:
186,243,46556,5,8,0:0:0:0:
213,187,46672,1,0,0:0:0:0:
271,184,46788,1,0,0:0:0:0:
277,195,46904,1,0,0:0:0:0:
327,156,47020,5,2,0:0:0:0:
255,98,47251,1,0,0:0:0:0:
250,114,47367,1,0,0:0:0:0:
330,64,47599,1,0,0:0:0:0:
321,6,47715,1,0,0:0:0:0:
269,249,47946,5,8,0:0:0:0:
268,176,48062,1,0,0:0:0:0:
269,262,48294,5,0,0:0:0:0:
269,323,48410,1,8,0:0:0:0:
269,249,48641,5,0,0:0:0:0:
268,176,48757,1,0,0:0:0:0:
229,121,48873,1,2,0:0:0:0:
148,32,49104,5,0,0:0:0:0:
145,50,49220,1,0,0:0:0:0:
46,23,49452,1,0,0:0:0:0:
63,81,49568,1,0,0:0:0:0:
80,194,49799,5,8,0:0:0:0:
15,167,49915,1,0,0:0:0:0:
84,199,50147,5,0,0:0:0:0:
141,224,50263,1,8,0:0:0:0:
80,194,50494,5,0,0:0:0:0:
15,167,50610,1,0,0:0:0:0:
6,246,50726,1,2,0:0:0:0:
144,303,50958,5,0,0:0:0:0:
120,311,51074,1,0,0:0:0:0:
208,227,51305,1,0,0:0:0:0:
265,240,51421,1,0,0:0:0:0:
305,309,51653,5,8,0:0:0:0:
355,255,51769,1,0,0:0:0:0:
299,315,52000,5,0,0:0:0:0:
255,363,52116,1,8,0:0:0:0:
305,309,52348,5,0,0:0:0:0:
355,255,52464,1,0,0:0:0:0:
423,266,52579,1,2,0:0:0:0:
418,278,52811,5,0,0:0:0:0:
363,239,52927,1,0,0:0:0:0:
380,182,53043,1,0,0:0:0:0:
446,174,53159,1,0,0:0:0:0:
446,184,53274,1,0,0:0:0:0:
446,191,53390,1,0,0:0:0:0:
488,251,53506,5,8,0:0:0:0:
483,261,53622,1,0,0:0:0:0:
470,322,53738,1,0,0:0:0:0:
456,326,53854,1,0,0:0:0:0:
397,348,53969,5,8,0:0:0:0:
343,344,54085,1,0,0:0:0:0:
289,340,54201,1,0,0:0:0:0:
235,336,54317,1,0,0:0:0:0:
170,349,54433,5,4,0:0:0:0:
170,349,54664,1,0,0:0:0:0:
170,349,54896,1,0,0:0:0:0:
170,349,55128,1,0,0:0:0:0:
278,290,55359,5,8,0:0:0:0:
282,236,55475,1,8,0:0:0:0:
228,231,55591,1,8,0:0:0:0:
224,285,55707,1,8,0:0:0:0:
220,293,55823,5,8,0:0:0:0:
216,229,55939,1,8,0:0:0:0:
280,223,56055,1,8,0:0:0:0:
285,287,56171,1,8,0:0:0:0:
351,280,56286,5,4,0:0:0:0:
357,287,56518,1,0,0:0:0:0:
385,228,56633,1,0,0:0:0:0:
375,228,56865,1,0,0:0:0:0:
400,162,56981,1,0,0:0:0:0:
234,117,57213,5,8,0:0:0:0:
286,84,57328,1,0,0:0:0:0:
230,123,57560,1,0,0:0:0:0:
279,184,57676,1,8,0:0:0:0:
227,128,57908,1,0,0:0:0:0:
132,99,58023,1,0,0:0:0:0:
66,111,58139,5,8,0:0:0:0:
58,117,58371,1,0,0:0:0:0:
84,51,58487,1,0,0:0:0:0:
86,38,58718,1,0,0:0:0:0:
138,106,58834,1,0,0:0:0:0:
175,205,59066,5,8,0:0:0:0:
237,144,59182,1,0,0:0:0:0:
181,197,59413,1,0,0:0:0:0:
275,213,59529,1,8,0:0:0:0:
186,192,59761,1,0,0:0:0:0:
263,291,59877,1,0,0:0:0:0:
254,305,59993,5,8,0:0:0:0:
285,384,60224,1,0,0:0:0:0:
289,374,60340,1,0,0:0:0:0:
177,362,60572,1,0,0:0:0:0:
157,310,60687,1,0,0:0:0:0:
221,171,60919,5,8,0:0:0:0:
207,229,61035,1,0,0:0:0:0:
219,163,61267,1,0,0:0:0:0:
294,142,61382,1,8,0:0:0:0:
219,153,61614,1,0,0:0:0:0:
138,122,61730,1,0,0:0:0:0:
142,106,61846,5,8,0:0:0:0:
251,27,62077,1,0,0:0:0:0:
248,40,62192,1,0,0:0:0:0:
339,100,62425,1,0,0:0:0:0:
398,88,62541,1,0,0:0:0:0:
389,201,62772,5,0,0:0:0:0:
386,213,63004,1,0,0:0:0:0:
315,183,63120,1,0,0:0:0:0:
315,169,63352,1,0,0:0:0:0:
244,181,63467,1,0,0:0:0:0:
256,252,63583,1,0,0:0:0:0:
323,241,63699,5,0,0:0:0:0:
254,341,63931,1,0,0:0:0:0:
241,338,64047,1,0,0:0:0:0:
185,280,64278,1,0,0:0:0:0:
129,286,64394,1,0,0:0:0:0:
235,200,64626,5,0,0:0:0:0:
225,135,64742,1,0,0:0:0:0:
236,210,64973,1,0,0:0:0:0:
319,220,65089,1,0,0:0:0:0:
237,220,65321,1,0,0:0:0:0:
140,273,65437,1,0,0:0:0:0:
146,260,65552,5,0,0:0:0:0:
96,173,65784,5,0,0:0:0:0:
103,179,65900,1,0,0:0:0:0:
42,89,66132,1,0,0:0:0:0:
100,98,66247,1,0,0:0:0:0:
110,87,66479,5,0,0:0:0:0:
187,101,66595,1,0,0:0:0:0:
103,170,66826,1,0,0:0:0:0:
182,124,66942,1,0,0:0:0:0:
153,249,67174,1,0,0:0:0:0:
178,143,67290,1,0,0:0:0:0:
123,298,67406,5,8,0:0:0:0:
124,309,67637,1,0,0:0:0:0:
62,293,67753,1,0,0:0:0:0:
21,344,67985,1,0,0:0:0:0:
6,341,68101,1,0,0:0:0:0:
131,202,68332,5,8,0:0:0:0:
132,213,68563,1,0,0:0:0:0:
70,197,68679,1,0,0:0:0:0:
29,248,68911,1,0,0:0:0:0:
14,245,69027,1,0,0:0:0:0:
138,110,69259,5,10,0:0:0:0:
135,121,69491,1,0,0:0:0:0:
66,119,69606,1,0,0:0:0:0:
180,168,69722,5,10,0:0:0:0:
177,179,69954,1,0,0:0:0:0:
108,177,70069,1,0,0:0:0:0:
214,231,70186,5,4,0:0:0:0:
270,227,70301,1,0,0:0:0:0:
328,221,70417,1,0,0:0:0:0:
386,217,70533,1,0,0:0:0:0:
388,205,70649,5,4,0:0:0:0:
316,194,70765,1,0,0:0:0:0:
244,184,70881,1,0,0:0:0:0:
173,174,70996,1,0,0:0:0:0:
135,108,71112,5,4,0:0:0:0:
126,98,71344,1,0,0:0:0:0:
227,82,71460,1,0,0:0:0:0:
215,98,71691,1,0,0:0:0:0:
285,131,71807,1,0,0:0:0:0:
334,78,72039,5,0,0:0:0:0:
344,91,72271,1,0,0:0:0:0:
338,194,72386,1,0,0:0:0:0:
397,139,72618,5,0,0:0:0:0:
469,123,72734,1,0,0:0:0:0:
389,147,72850,1,0,0:0:0:0:
338,109,72965,5,4,0:0:0:0:
331,121,73197,1,0,0:0:0:0:
331,18,73313,1,0,0:0:0:0:
325,32,73545,1,0,0:0:0:0:
250,10,73660,1,0,0:0:0:0:
217,88,73892,5,0,0:0:0:0:
207,98,74124,1,0,0:0:0:0:
132,60,74240,1,0,0:0:0:0:
88,173,74471,5,0,0:0:0:0:
74,115,74587,1,0,0:0:0:0:
97,185,74703,1,0,0:0:0:0:
172,203,74819,5,6,0:0:0:0:
170,217,75050,1,0,0:0:0:0:
157,287,75166,1,0,0:0:0:0:
155,304,75398,1,0,0:0:0:0:
234,260,75514,1,0,0:0:0:0:
305,291,75745,5,0,0:0:0:0:
306,307,75977,1,0,0:0:0:0:
366,227,76093,1,0,0:0:0:0:
402,299,76325,5,0,0:0:0:0:
473,315,76440,1,0,0:0:0:0:
395,311,76556,1,0,0:0:0:0:
356,369,76672,5,4,0:0:0:0:
360,383,76904,1,0,0:0:0:0:
321,302,77020,1,0,0:0:0:0:
325,314,77251,1,0,0:0:0:0:
246,270,77367,1,0,0:0:0:0:
259,336,77599,5,8,0:0:0:0:
176,274,77715,1,0,0:0:0:0:
186,219,77830,1,0,0:0:0:0:
168,337,77946,5,8,0:0:0:0:
85,275,78062,1,0,0:0:0:0:
94,219,78177,1,0,0:0:0:0:
161,162,78294,1,8,0:0:0:0:
158,102,78410,1,0,0:0:0:0:
86,56,78525,5,4,0:0:0:0:
85,39,78757,1,0,0:0:0:0:
80,126,78873,1,0,0:0:0:0:
79,140,79104,1,0,0:0:0:0:
0,124,79219,1,0,0:0:0:0:
30,197,79452,5,0,0:0:0:0:
29,211,79683,1,0,0:0:0:0:
125,201,79799,1,0,0:0:0:0:
190,242,80031,5,0,0:0:0:0:
202,162,80147,1,0,0:0:0:0:
201,234,80263,1,0,0:0:0:0:
275,187,80379,5,4,0:0:0:0:
274,201,80610,1,0,0:0:0:0:
304,109,80726,1,0,0:0:0:0:
303,122,80958,1,0,0:0:0:0:
363,138,81074,1,0,0:0:0:0:
375,259,81305,5,0,0:0:0:0:
360,263,81537,1,0,0:0:0:0:
453,267,81653,1,0,0:0:0:0:
405,199,81884,5,0,0:0:0:0:
392,133,82000,1,0,0:0:0:0:
392,205,82116,1,0,0:0:0:0:
305,219,82232,5,6,0:0:0:0:
291,227,82464,1,0,0:0:0:0:
215,206,82579,1,0,0:0:0:0:
201,217,82811,1,0,0:0:0:0:
121,159,82927,1,0,0:0:0:0:
39,183,83159,5,0,0:0:0:0:
28,192,83390,1,0,0:0:0:0:
60,104,83506,1,0,0:0:0:0:
169,147,83738,5,0,0:0:0:0:
186,82,83854,1,0,0:0:0:0:
180,165,83970,1,0,0:0:0:0:
275,179,84085,5,0,0:0:0:0:
280,165,84317,1,0,0:0:0:0:
307,262,84433,1,0,0:0:0:0:
314,248,84664,1,0,0:0:0:0:
295,343,84780,1,0,0:0:0:0:
193,341,85012,5,8,0:0:0:0:
180,283,85128,1,0,0:0:0:0:
257,270,85243,1,0,0:0:0:0:
221,223,85359,5,8,0:0:0:0:
218,162,85475,1,0,0:0:0:0:
296,160,85591,1,0,0:0:0:0:
264,109,85707,5,8,0:0:0:0:
273,44,85823,1,0,0:0:0:0:
363,54,85938,5,4,0:0:0:0:
363,54,86170,1,0,0:0:0:0:
363,54,86402,1,0,0:0:0:0:
363,54,86633,1,0,0:0:0:0:
438,170,86865,5,8,0:0:0:0:
446,109,86981,1,8,0:0:0:0:
506,117,87097,1,8,0:0:0:0:
498,178,87213,1,8,0:0:0:0:
436,178,87328,5,8,0:0:0:0:
434,106,87444,1,8,0:0:0:0:
505,104,87560,1,8,0:0:0:0:
506,176,87676,1,8,0:0:0:0:
256,192,87792,12,0,89616,0:0:0:0:
256,192,89153,12,0,89471,0:0:0:0:
256,192,89182,12,0,89211,0:0:0:0:
256,192,89211,12,0,89529,0:0:0:0:
256,192,89240,12,0,89558,0:0:0:0:
256,192,89269,12,0,89587,0:0:0:0:
256,192,89298,12,0,89616,0:0:0:0:
256,192,89326,12,0,89355,0:0:0:0:
256,192,89384,12,0,89413,0:0:0:0:
256,192,89442,12,0,89500,0:0:0:0:
432,384,103888,6,0,B|392:384|391:41|391:41|384:392|432:392|432:392|488:392|480:16,1,1079.99997138977
